# R script for Peak Model
#  -- generated by MACS
p <- c(0.0368001007085,0.038266382661,0.0395896127156,0.0414135244125,0.0429870952883,0.044238799394,0.0455977924231,0.0466706816566,0.0477078079156,0.0491383268936,0.0503900309993,0.0519636018751,0.0536086986998,0.0551107436267,0.0563624477324,0.0577929667104,0.0595811154329,0.0611904492831,0.0627640201589,0.0645164059069,0.065875398936,0.0668767622206,0.0681999922752,0.0697378001765,0.069380170432,0.0692728815087,0.068664910943,0.0690940666364,0.0687721998664,0.0692013555598,0.0694159334065,0.0696305112532,0.0693444074576,0.069380170432,0.0694516963809,0.069380170432,0.0694516963809,0.069380170432,0.0692013555598,0.0691655925853,0.0692728815087,0.0688079628408,0.0691298296109,0.0696662742276,0.0698808520743,0.0696305112532,0.0700596669466,0.0700596669466,0.0704530596655,0.0703815337166,0.0708464523845,0.0706676375122,0.0705961115633,0.0707391634611,0.07081068941,0.0713471340268,0.071847815669,0.0718120526946,0.0719551045924,0.0717047637712,0.0715974748479,0.0714901859246,0.0717047637712,0.0717047637712,0.0710967932056,0.0710252672567,0.0710967932056,0.07081068941,0.0713828970012,0.0717405267457,0.0716690007968,0.0713113710523,0.0713113710523,0.0714544229501,0.0725273121836,0.072241208388,0.0722769713624,0.0719193416179,0.0714901859246,0.0714186599757,0.0717047637712,0.0713471340268,0.0719193416179,0.0720981564902,0.0720266305413,0.072241208388,0.0726703640814,0.072563075158,0.072956467877,0.0732425716726,0.0730637568003,0.0730995197748,0.0726346011069,0.0730637568003,0.0724200232602,0.0714901859246,0.0710610302312,0.0717047637712,0.0716690007968,0.0716332378223,0.0718120526946,0.071847815669,0.0724557862347,0.0724915492091,0.072563075158,0.073278334647,0.0737432533149,0.0742796979316,0.0742796979316,0.0745658017272,0.0746373276761,0.0749234314717,0.075424113114,0.075424113114,0.0753525871651,0.0752095352673,0.0750664833695,0.0752452982417,0.0754598760884,0.0760678466541,0.076461239373,0.0764970023475,0.0752810612162,0.0748519055228,0.0757817428585,0.0760678466541,0.0766758172197,0.0765327653219,0.0766758172197,0.0766400542453,0.0758175058329,0.0757102169096,0.0759605577307,0.075745979884,0.0755314020373,0.075745979884,0.0755671650118,0.0752095352673,0.0749591944462,0.0744942757783,0.0746730906506,0.0749234314717,0.0750664833695,0.0757817428585,0.0756029279862,0.0752810612162,0.0753525871651,0.0751380093184,0.0754598760884,0.0755671650118,0.0752452982417,0.0751380093184,0.0750664833695,0.074708853625,0.0743512238805,0.073671727366,0.0733856235704,0.0733498605959,0.0736002014171,0.0734929124937,0.0730995197748,0.0728849419281,0.0734571495193,0.0738147792638,0.073278334647,0.0731710457237,0.0733856235704,0.0731352827492,0.0728491789536,0.0728134159792,0.0733498605959,0.0739578311616,0.0735644384426,0.073278334647,0.0730995197748,0.0733140976215,0.0733498605959,0.073671727366,0.0739578311616,0.0739578311616,0.0737432533149,0.0737074903404,0.0739578311616,0.0739220681871,0.0737790162893,0.073993594136,0.074386986855,0.0752095352673,0.0757102169096,0.0754598760884,0.0757817428585,0.0756744539351,0.0759247947563,0.0760678466541,0.0756744539351,0.076139372603,0.0756029279862,0.0759963207052,0.0760320836796,0.0764970023475,0.076461239373,0.0763181874752,0.0762824245008,0.0771049729131,0.0773910767087,0.0778202324021,0.0771049729131,0.0774626026576,0.0782136251211,0.0784282029678,0.0783209140444,0.0783924399933,0.07892888461,0.0790719365078,0.0790004105589,0.0788573586611,0.0791076994823,0.0790719365078,0.0792865143545,0.0792865143545,0.0788573586611,0.0797156700479,0.0797514330224,0.0801448257413,0.0805024554858,0.080752796307,0.0808243222559,0.0808243222559,0.0811819520004,0.081789922566,0.0819687374383,0.0817541595916,0.0814322928215,0.0818256855405,0.0826482339528,0.0819329744638,0.0812892409237,0.0812534779493,0.0811819520004,0.0812892409237,0.0816111076938,0.0815395817449,0.0821117893361,0.0823263671828,0.0822906042083,0.0821117893361,0.0822548412339,0.081789922566,0.0820760263616,0.0824336561061,0.0830058636973,0.0827555228761,0.0830773896462,0.0823978931316,0.0834350193907,0.0830058636973,0.0828628117995,0.0830416266717,0.0830773896462,0.0828628117995,0.0828985747739,0.083220441544,0.0831131526206,0.0836853602118,0.0836138342629,0.0838999380585,0.0836853602118,0.0837926491352,0.0843648567264,0.0843648567264,0.0848297753942,0.0855092719088,0.0853304570365,0.0854019829854,0.0854019829854,0.0861530054488,0.0866179241167,0.0864748722189,0.0864391092444,0.0872974206312,0.0881199690436,0.0876550503757,0.0871543687334,0.0875835244268,0.088155732018,0.0887279396092,0.0893716731493,0.0896577769449,0.0894789620727,0.0893001472004,0.0893001472004,0.0891928582771,0.0899796437149,0.0899796437149,0.0902299845361,0.0905518513061,0.091016769974,0.0911240588973,0.0915532145907,0.0920181332586,0.0922327111053,0.092769155722,0.0929837335687,0.0936274671088,0.0936632300832,0.0935917041343,0.0937347560321,0.0944500155211,0.0949864601379,0.0947361193167,0.0952010379846,0.095630193678,0.0960951123458,0.0963096901925,0.096667319937,0.0972395275282,0.0973468164515,0.0974898683493,0.0974898683493,0.0974183424004,0.0972395275282,0.0974541053749,0.097704446196,0.0978117351194,0.0974541053749,0.0974541053749,0.0987058094806,0.0990634392251,0.0993853059952,0.100136328459,0.100458195229,0.101388032564,0.101852951232,0.101602610411,0.101781425283,0.10167413636,0.102174818002,0.103176181287,0.103533811031,0.103641099955,0.103748388878,0.104392122418,0.104356359444,0.104356359444,0.103855677801,0.10424907052,0.103855677801,0.104320596469,0.10424907052,0.104392122418,0.104427885393,0.104857041086,0.105822641396,0.106287560064,0.107181634425,0.1072173974,0.107753842016,0.108290286633,0.108755205301,0.108397575556,0.108790968275,0.109184360994,0.109434701815,0.109506227764,0.11011419833,0.110149961304,0.110722168896,0.110650642947,0.111365902436,0.112188450848,0.112224213823,0.112224213823,0.112832184388,0.113511680903,0.112903710337,0.112724895465,0.113189814133,0.113404391979,0.113940836596,0.113511680903,0.113833547673,0.114620333111,0.114763385008,0.1153355926,0.115621696395,0.115907800191,0.115943563165,0.116766111578,0.117087978348,0.117374082143,0.118339682453,0.118733075172,0.119698675482,0.119126467891,0.119662912508,0.119877490355,0.119984779278,0.120270883074,0.120449697946,0.120306646048,0.120056305227,0.120413934971,0.119913253329,0.120843090665,0.12080732769,0.121272246358,0.121594113128,0.121951742873,0.122237846668,0.122523950464,0.122523950464,0.122953106157,0.122953106157,0.12313192103,0.122988869132,0.122595476413,0.123346498876,0.122845817234,0.123668365646,0.124383625135,0.124133284314,0.1234537878,0.123596839697,0.123525313749,0.123668365646,0.123739891595,0.1234537878,0.123704128621,0.123418024825,0.122953106157,0.123418024825,0.123990232416,0.124276336212,0.123561076723,0.123954469442,0.12377565457,0.123918706468,0.124025995391,0.122881580208,0.123167684004,0.123346498876,0.12409752134,0.123668365646,0.123847180519,0.124383625135,0.124490914059,0.124383625135,0.124633965957,0.124562440008,0.124812780829,0.124347862161,0.123418024825,0.123024632106,0.123024632106,0.122702765336,0.123167684004,0.122345135592,0.121737165026,0.122023268822,0.121343772307,0.121021905537,0.120413934971,0.120092068201,0.120771564716,0.119984779278,0.120378171997,0.119984779278,0.119376808712,0.119376808712,0.120020542253,0.120413934971,0.120449697946,0.120199357125,0.12048546092,0.120556986869,0.120556986869,0.120413934971,0.120700038767,0.120056305227,0.119448334661,0.119376808712,0.119949016304,0.119233756815,0.118947653019,0.118590023275,0.118017815683,0.11823239353,0.118196630556,0.117338319169,0.116694585629,0.116587296705,0.115800511267,0.114977962855,0.114513044187,0.114119651468,0.113905073622,0.113690495775,0.113404391979,0.113762021724,0.113404391979,0.112760658439,0.11268913249,0.112403028695,0.111437428385,0.11172353218,0.112188450848,0.111866584078,0.111830821104,0.111580480282,0.111938110027,0.111795058129,0.111222850538,