# R script for Peak Model
#  -- generated by MACS
p <- c(0.0360799104069,0.0375160725596,0.0393332573242,0.0406228723184,0.0421469627662,0.0430555551485,0.0444330984378,0.0458106417271,0.0474226604699,0.0487122754641,0.05003119989,0.0513794337476,0.052844905332,0.0542810674847,0.0556293013423,0.0569189163365,0.0584430067843,0.059967097232,0.0611101650678,0.0628394215373,0.0645686780069,0.066239315613,0.0674703117439,0.0687892361698,0.0689944021916,0.0688185456015,0.0683789041262,0.0688478550332,0.0691995682135,0.0693754248036,0.0697857568472,0.0696392096888,0.0698150662789,0.0700202323007,0.0698736851423,0.0700495417324,0.0696978285521,0.0697564474155,0.0689944021916,0.06896509276,0.0693754248036,0.0693168059402,0.0697271379838,0.0700202323007,0.0701667794591,0.0705771115028,0.0710460624097,0.0708702058196,0.0709581341147,0.0709581341147,0.070928824683,0.0711926095682,0.0708995152513,0.0714563944534,0.0714857038851,0.0715150133167,0.0711339907048,0.07139777559,0.0718374170653,0.0719253453604,0.0718081076336,0.0717787982019,0.0720132736554,0.0721598208139,0.071954654792,0.0718081076336,0.0722477491089,0.0719839642237,0.0718374170653,0.0712219189999,0.0717201793386,0.0721305113822,0.0723063679723,0.0725701528575,0.0730391037645,0.0730977226278,0.0730391037645,0.072804628311,0.0726580811525,0.072335677404,0.0724529151307,0.0721598208139,0.0723942962674,0.072423605699,0.0725115339941,0.0723649868357,0.072423605699,0.0725115339941,0.0720425830871,0.0720132736554,0.0719253453604,0.0720132736554,0.0714270850217,0.0715150133167,0.0711633001365,0.0715736321801,0.0715443227484,0.0716322510435,0.0711633001365,0.0712512284316,0.0715443227484,0.0714270850217,0.0710460624097,0.0711633001365,0.0714270850217,0.0712805378632,0.0710753718414,0.0711046812731,0.0714270850217,0.0712805378632,0.0712805378632,0.0710167529781,0.0711633001365,0.07139777559,0.0719253453604,0.0720718925188,0.0725701528575,0.0733321980813,0.0734494358081,0.0732442697863,0.0732442697863,0.0734201263764,0.073273579218,0.0731270320595,0.0731563414912,0.0735666735348,0.0738011489883,0.0740063150102,0.0742700998953,0.0745925036439,0.0746218130756,0.0750321451192,0.0753252394361,0.0756183337529,0.0759993563649,0.0762045223867,0.0770544959056,0.0772596619274,0.0772303524957,0.0772010430641,0.0778165411295,0.0773182807908,0.0769958770422,0.077113114769,0.0772596619274,0.0771717336324,0.077582065676,0.0779630882879,0.0782268731731,0.0784320391949,0.0791354655554,0.0790182278287,0.0793113221455,0.0792527032822,0.0791061561237,0.0791647749871,0.0790475372603,0.0792527032822,0.079545797599,0.0799854390743,0.0802199145278,0.0805716277081,0.0799854390743,0.080395771118,0.0798975107793,0.079457869304,0.0795751070307,0.0797509636208,0.080014748506,0.0797802730525,0.080014748506,0.0803078428229,0.0805423182764,0.0807474842982,0.0807474842982,0.0809233408883,0.0808940314566,0.0807474842982,0.080864722025,0.0806302465715,0.0804250805496,0.0806009371398,0.0802492239595,0.0801612956645,0.0798388919159,0.0802492239595,0.080483699413,0.0802785333912,0.0802492239595,0.080483699413,0.0809233408883,0.0810698880468,0.0810405786151,0.0811871257735,0.0810112691834,0.0803664616863,0.0799561296427,0.080014748506,0.0796630353258,0.079926820211,0.0801319862328,0.0804543899813,0.0810698880468,0.0810405786151,0.0815974578171,0.0817733144073,0.0813336729319,0.0815388389538,0.0812750540686,0.0811871257735,0.0813629823636,0.0811871257735,0.0812750540686,0.0819198615657,0.0813629823636,0.0816267672488,0.0817146955439,0.0821250275875,0.0818026238389,0.0811578163418,0.0810991974785,0.0808061031616,0.080395771118,0.0806595560031,0.0808940314566,0.0811871257735,0.0810112691834,0.0810991974785,0.0809233408883,0.0808940314566,0.0816560766805,0.081890552134,0.0817733144073,0.0818319332706,0.0820077898608,0.0826525973579,0.082828453948,0.0829750011064,0.0827405256529,0.0827991445163,0.0826525973579,0.0824767407677,0.0827112162212,0.0837077368986,0.0839715217838,0.084235306669,0.0847628764393,0.0848801141661,0.0846456387126,0.084704257576,0.0845284009859,0.0846456387126,0.0846749481443,0.0852904462097,0.0858473254118,0.0857887065484,0.0864921329089,0.0866386800673,0.0868145366575,0.0869903932476,0.0868731555208,0.0871662498377,0.0876352007447,0.0872834875644,0.0869903932476,0.0871662498377,0.0874007252912,0.0878989856299,0.0887196497171,0.0895110043727,0.090419596755,0.0901851213015,0.0900678835747,0.0901558118698,0.0905661439134,0.090976475957,0.0912402608422,0.0915919740225,0.0916505928858,0.0917385211809,0.0927936607216,0.0922074720879,0.0924126381097,0.0929402078801,0.093321230492,0.0930867550385,0.0934384682188,0.0936436342406,0.0941125851476,0.0946694643496,0.0954022001418,0.0949918680982,0.0956952944587,0.095753913322,0.0961056265023,0.0965745774093,0.0967797434311,0.0973073132015,0.0974538603599,0.0981279772887,0.0984210716056,0.0980693584253,0.098479690469,0.0994469017146,0.0997106865998,0.0994762111463,0.0997399960315,0.100121018643,0.100531350687,0.10041411296,0.100648588414,0.101234777048,0.101908893976,0.102407154315,0.102964033517,0.103110580676,0.103081271244,0.103198508971,0.103403674992,0.104165720216,0.104546742828,0.104869146577,0.104986384304,0.105338097484,0.105308788052,0.105250169189,0.105396716347,0.105513954074,0.10475190885,0.105191550325,0.105367406915,0.105660501232,0.105894976686,0.106686331341,0.106979425658,0.10753630486,0.108005255767,0.108444897243,0.108327659516,0.108767300991,0.108708682128,0.108767300991,0.10891384815,0.109206942466,0.10961727451,0.109412108488,0.109558655647,0.109734512237,0.109705202805,0.109763821669,0.109822440532,0.109558655647,0.109324180193,0.110174153712,0.110203463144,0.110056915985,0.110672414051,0.110672414051,0.110877580073,0.111141364958,0.111141364958,0.11152238757,0.111551697001,0.111405149843,0.110936198936,0.110936198936,0.110906889504,0.111229293253,0.110613795187,0.110994817799,0.11117067439,0.111199983821,0.111932719613,0.112606836542,0.112753383701,0.112899930859,0.113368881766,0.114248164717,0.114951591077,0.114746425055,0.114453330738,0.114218855285,0.114599877897,0.114336093012,0.114717115624,0.114951591077,0.115742945733,0.115889492891,0.11603604005,0.116475681525,0.116710156978,0.11673946641,0.117003251295,0.117237726749,0.117560130497,0.11726703618,0.11726703618,0.117589439929,0.117677368224,0.117618749361,0.118175628563,0.117677368224,0.117677368224,0.117501511634,0.117501511634,0.117589439929,0.117589439929,0.117794605951,0.118117009699,0.117970462541,0.117823915382,0.118791126628,0.118937673787,0.118703198333,0.118761817196,0.118498032311,0.119406624694,0.119230768103,0.119611790715,0.119758337874,0.119641100147,0.119553171852,0.11969971901,0.119875575601,0.119377315262,0.118703198333,0.118204937994,0.11864457947,0.118791126628,0.11864457947,0.119025602082,0.119230768103,0.118966983218,0.118879054923,0.118527341743,0.118175628563,0.118351485153,0.118527341743,0.118146319131,0.117794605951,0.117794605951,0.117794605951,0.117911843678,0.118146319131,0.118439413448,0.119260077535,0.119201458672,0.119201458672,0.119230768103,0.11952386242,0.119641100147,0.11969971901,0.11952386242,0.119553171852,0.119318696399,0.119201458672,0.118732507765,0.118527341743,0.118292866289,0.117677368224,0.117882534246,0.118263556858,0.117882534246,0.117618749361,0.117530821066,0.117589439929,0.117149798454,0.117179107885,0.117032560727,0.117003251295,0.117003251295,0.116798085273,0.117208417317,0.117120489022,0.11709117959,0.116241206071,0.116329134366,0.116680847547,0.115918802323,0.115655017438,0.115332613689,0.114922281645,0.114629187329,0.114951591077,0.114453330738,0.113837832673,0.113574047788,0.113544738356,0.113193025176,0.113398191198,0.113280953471,0.113310262903,0.113251644039,0.112313742225,0.11240167052,0.112372361089,0.111756863023,0.111082746094,0.110525866892,0.110701723483,0.110232772576,0.110203463144,0.110262082007,0.109881059395,0.110262082007,0.110672414051,0.110789651778,0.110437938597,0.110086225417,0.109646583942,0.110584485756,0.110584485756,0.109675893373,