# R script for Peak Model
#  -- generated by MACS
p <- c(0.0392834881837,0.0409731005787,0.042477911618,0.0440355230446,0.0454347333092,0.0467811431865,0.0482331538384,0.0495267633283,0.051084374755,0.0525363854069,0.0543315985766,0.0558892100032,0.0576844231729,0.0593476353743,0.0608788466072,0.0624100578402,0.0637036673301,0.0654196799188,0.0666604890213,0.0681917002543,0.0696965112936,0.0711749221392,0.0727325335659,0.0741581440241,0.0741317438305,0.0740789434431,0.0743429453798,0.0741845442178,0.0740789434431,0.0745805471229,0.0745013465419,0.0747125480913,0.0745013465419,0.0747125480913,0.0747917486723,0.0753461527394,0.0753197525457,0.0754517535141,0.0757685558381,0.0761645587432,0.0758477564191,0.0757421556445,0.0750821508027,0.074976550028,0.075293352352,0.0757157554508,0.075293352352,0.0755045539014,0.0758741566128,0.0757421556445,0.0758213562255,0.0758741566128,0.0759797573875,0.0764549608736,0.076586961842,0.0770885655217,0.076982964747,0.0771677661027,0.0771149657154,0.0773261672648,0.0770093649407,0.0769301643597,0.076903764166,0.076903764166,0.0771677661027,0.076903764166,0.0773789676521,0.0773525674584,0.0774845684268,0.0775373688141,0.0777749705572,0.0780917728812,0.0778541711382,0.0781181730749,0.0780389724939,0.0781973736559,0.0782237738496,0.0779861721066,0.0782765742369,0.0782501740433,0.0781709734623,0.0778277709445,0.0775901692015,0.0773525674584,0.0775109686205,0.0774317680395,0.0775109686205,0.0769565645534,0.0766397622293,0.0772205664901,0.0771941662964,0.0773789676521,0.0773261672648,0.0770885655217,0.0775901692015,0.0780125723002,0.0776957699762,0.0777485703635,0.0775901692015,0.0778013707509,0.0781709734623,0.0779069715255,0.0776957699762,0.0774317680395,0.0775373688141,0.0774581682331,0.0770093649407,0.076824563585,0.076824563585,0.0767981633913,0.0766925626166,0.0769301643597,0.0767717631977,0.0770093649407,0.0769301643597,0.0770093649407,0.0767189628103,0.0764285606799,0.0762965597116,0.0759797573875,0.0763229599052,0.0760853581622,0.0761645587432,0.0762965597116,0.0764021604862,0.0766133620356,0.076586961842,0.0761645587432,0.0762965597116,0.076586961842,0.0765341614546,0.0762965597116,0.0761645587432,0.0759269570002,0.0755573542888,0.0757949560318,0.0761117583559,0.0758213562255,0.0760061575812,0.0758213562255,0.0755837544824,0.0753461527394,0.0750821508027,0.0748445490596,0.0749501498343,0.0750821508027,0.0754517535141,0.0755837544824,0.0751877515773,0.0748181488659,0.0752405519647,0.0755309540951,0.0756893552571,0.0755837544824,0.0756365548698,0.0754517535141,0.0754781537077,0.0756629550634,0.0756893552571,0.0755837544824,0.0760853581622,0.0762173591305,0.0767981633913,0.0767189628103,0.0769565645534,0.0771413659091,0.0771941662964,0.0775373688141,0.0771149657154,0.0778541711382,0.0778541711382,0.0775637690078,0.0776957699762,0.0776165693952,0.0776429695888,0.0781445732686,0.0781445732686,0.0783029744306,0.0784877757863,0.0784877757863,0.0786461769484,0.0788309783041,0.0789365790787,0.0790685800471,0.0790949802408,0.078751777723,0.0789101788851,0.0789101788851,0.0790157796598,0.0795701837269,0.0799133862446,0.0797549850826,0.0797285848889,0.0799133862446,0.0798077854699,0.0793589821775,0.0793589821775,0.0799925868256,0.0800189870193,0.0797285848889,0.0797285848889,0.0800189870193,0.0810221943788,0.0811277951535,0.0813125965092,0.081734999608,0.0825006052244,0.0824742050308,0.082210203094,0.0823158038687,0.0814181972839,0.0812597961219,0.0813653968966,0.0816557990269,0.081734999608,0.0818406003826,0.0821838029004,0.0816029986396,0.0819462011573,0.0825798058055,0.0825270054181,0.0829230083232,0.0827646071612,0.0823158038687,0.0823950044498,0.0824742050308,0.0827646071612,0.0830286090979,0.0833190112283,0.083503812584,0.083820614908,0.0839262156827,0.0841902176194,0.0844278193625,0.0845070199435,0.0843222185878,0.0845862205245,0.0845070199435,0.0845862205245,0.0844542195562,0.0843222185878,0.0839790160701,0.0841638174258,0.0844542195562,0.085114224398,0.0854046265283,0.0853254259473,0.0857478290461,0.0857214288524,0.0857478290461,0.08527262556,0.0855366274967,0.0862494327258,0.0857478290461,0.0857214288524,0.0861966323385,0.0865398348562,0.0866190354372,0.0870942389233,0.0877542437651,0.0875166420221,0.0879390451208,0.0879654453145,0.0882294472512,0.0884406488006,0.0887838513183,0.0890214530614,0.0887838513183,0.0890214530614,0.088572649769,0.0890478532551,0.0895494569348,0.0898662592589,0.0902358619703,0.0901566613893,0.090579064488,0.0908958668121,0.0910014675868,0.0910806681678,0.0909222670058,0.0909750673931,0.0912654695235,0.0915294714602,0.092110275721,0.0922950770767,0.0926646797881,0.0929022815311,0.0935886865666,0.0936678871476,0.0939318890843,0.0940902902464,0.0941430906337,0.0943542921831,0.0946446943135,0.0953046991553,0.0957799026414,0.0960175043844,0.0963871070958,0.0965191080642,0.0969943115503,0.097337514068,0.0980503192971,0.0982351206528,0.0984991225896,0.0986575237516,0.0987367243326,0.0992119278187,0.0995023299491,0.0997927320795,0.0997399316921,0.100188734985,0.100003933629,0.0999511332415,0.100241535372,0.100347136147,0.100558337696,0.101059941376,0.101931147767,0.101931147767,0.101931147767,0.101931147767,0.101983948154,0.102063148735,0.10216874951,0.102036748542,0.10216874951,0.102089548929,0.10245915164,0.102379951059,0.10267035319,0.103013555707,0.103039955901,0.103119156482,0.103198357063,0.103066356095,0.10325115745,0.103884762099,0.104333565391,0.104359965585,0.104808768877,0.104861569264,0.10425436481,0.104333565391,0.104465566359,0.105019970427,0.104703168102,0.104914369652,0.104861569264,0.104623967521,0.104465566359,0.104729568296,0.104439166166,0.104597567328,0.10454476694,0.10454476694,0.104491966553,0.105178371589,0.105363172944,0.105679975268,0.10604957798,0.106867983984,0.106735983015,0.106867983984,0.107448788244,0.107475188438,0.107237586695,0.107554389019,0.108055992699,0.108900798896,0.108979999477,0.109323201995,0.109481603157,0.109772005287,0.110141607999,0.110484810517,0.111276816327,0.1118048202,0.111989621556,0.112068822137,0.112464825042,0.112992828915,0.112992828915,0.113336031433,0.113520832789,0.113837635113,0.113758434532,0.114312838599,0.114207237824,0.114128037243,0.114365638986,0.114656041117,0.114761641891,0.114471239761,0.114920043053,0.115712048864,0.116319253318,0.116715256223,0.117058458741,0.116900057579,0.117190459709,0.11748086184,0.1180616661,0.118378468424,0.11856326978,0.118827271717,0.118906472298,0.118431268812,0.118800871523,0.11877447133,0.119592877333,0.120226481981,0.1201472814,0.120200081788,0.120411283337,0.12035848295,0.120728085661,0.120226481981,0.120384883144,0.120622484887,0.121071288179,0.120939287211,0.12115048876,0.122180096313,0.121731293021,0.121836893795,0.121810493602,0.122100895732,0.122232896701,0.121625692246,0.122364897669,0.122232896701,0.122100895732,0.121704892827,0.122074495538,0.12165209244,0.12194249457,0.122048095345,0.123104103092,0.122549699025,0.122628899606,0.122602499412,0.123077702898,0.12215369612,0.122100895732,0.121414490697,0.121308889922,0.121493691278,0.12165209244,0.121414490697,0.121414490697,0.121414490697,0.12144089089,0.121256089535,0.121414490697,0.121995294957,0.121836893795,0.121704892827,0.120807286242,0.12035848295,0.120068080819,0.119883279464,0.119487276559,0.119988880238,0.119777678689,0.119751278495,0.119672077914,0.119408075978,0.118800871523,0.118748071136,0.118457669005,0.117348860871,0.117533662227,0.117665663195,0.117164059516,0.116636055642,0.116398453899,0.116530454867,0.116108051769,0.116292853124,0.116345653512,0.116688856029,0.116134451962,0.116372053705,0.116424854093,0.116556855061,0.115580047895,0.115923250413,0.115500847314,0.115448046927,0.115078444215,0.114761641891,0.114550440342,0.114286438405,0.114154437437,0.113864035307,0.113732034338,0.113837635113,0.113415232014,0.112781627366,0.112623226204,0.112148022718,0.112174422912,0.111752019813,0.111725619619,0.111646419038,0.111567218457,0.111250416133,0.110933613809,0.110880813422,0.110696012066,0.11051121071,0.110352809548,