# R script for Peak Model
#  -- generated by MACS
p <- c(0.0384235259663,0.0396879944429,0.0409524629195,0.0420537741733,0.0442156073752,0.0456432330746,0.0464182298828,0.0482129593335,0.0495182171158,0.0509866321208,0.0525366257373,0.0537195156025,0.0547800375506,0.0560852953329,0.0574313424209,0.0590629146488,0.0604497510425,0.0622444804931,0.0637128954982,0.0650589425862,0.0662010431457,0.0677510367622,0.0692194517673,0.070728656078,0.0710549705236,0.0712997063578,0.0709326026065,0.0701576057983,0.0697497127413,0.0694233982957,0.0691378731559,0.0696273448242,0.0704839202439,0.0700352378812,0.0705654988552,0.0705247095496,0.0704839202439,0.0702391844097,0.0706878667723,0.0703615523268,0.0703615523268,0.0706878667723,0.0704839202439,0.0709326026065,0.071136549135,0.0706062881609,0.0701576057983,0.0702391844097,0.070198395104,0.0706062881609,0.0710141812179,0.0711773384407,0.0705654988552,0.0708918133008,0.0717483887205,0.0712997063578,0.0719523352489,0.0717483887205,0.0717483887205,0.0721970710831,0.0725641748344,0.0729720678914,0.0729720678914,0.0730944358084,0.07289048928,0.0726457534458,0.0725233855287,0.0731760144198,0.0734615395597,0.0735431181711,0.0735023288654,0.0733391716426,0.0728089106686,0.0725641748344,0.0727681213629,0.0732168037255,0.0737470646996,0.0734615395597,0.0733799609483,0.0732168037255,0.0721562817774,0.0719115459432,0.0716260208034,0.0716260208034,0.0714628635806,0.0716668101091,0.0715852314977,0.0715036528863,0.0717483887205,0.0718299673318,0.0719523352489,0.0715852314977,0.0715036528863,0.0716668101091,0.0715852314977,0.0722378603888,0.0722378603888,0.0727681213629,0.0724010176116,0.0722786496945,0.0722786496945,0.0721154924717,0.0721970710831,0.072482596223,0.072074703166,0.072482596223,0.0727681213629,0.0723602283059,0.0727273320572,0.0726457534458,0.0732575930312,0.0729720678914,0.0732983823369,0.0736246967825,0.0733391716426,0.0728496999743,0.0732983823369,0.0732168037255,0.0727273320572,0.073012857197,0.0735839074768,0.0734615395597,0.0730944358084,0.0727681213629,0.0734615395597,0.0742365363679,0.0743996935907,0.0750115331762,0.0755417941502,0.0760720551243,0.0757865299844,0.0761944230414,0.0763575802642,0.0760312658186,0.0759088979015,0.0760312658186,0.0762352123471,0.0761944230414,0.0761944230414,0.0763983695699,0.0765615267927,0.0764799481813,0.0766023160984,0.0763167909585,0.0764799481813,0.0759496872072,0.0760720551243,0.0762352123471,0.0767654733211,0.0767654733211,0.0765615267927,0.0767246840154,0.0770102091553,0.0767654733211,0.0764799481813,0.0776220487408,0.0773773129066,0.0769694198496,0.0768470519325,0.0766838947097,0.0765615267927,0.0762352123471,0.0766431054041,0.0766023160984,0.0762352123471,0.0764799481813,0.0770102091553,0.0767654733211,0.0764391588756,0.0767654733211,0.0774996808237,0.077458891518,0.0766431054041,0.0766431054041,0.077050998461,0.0765615267927,0.0761944230414,0.0757865299844,0.0761944230414,0.0759088979015,0.0761536337357,0.0768062626268,0.0767654733211,0.0769286305439,0.0768878412382,0.0769694198496,0.0768470519325,0.0771325770724,0.0772141556838,0.0776628380465,0.0777444166579,0.077989152492,0.0777852059636,0.077050998461,0.0773365236009,0.0773773129066,0.0766431054041,0.0769286305439,0.0766431054041,0.0762352123471,0.0759496872072,0.0759904765129,0.0760720551243,0.0755825834559,0.0752970583161,0.075704951373,0.0756641620673,0.0764799481813,0.0768878412382,0.0767654733211,0.0768878412382,0.0770102091553,0.077050998461,0.0772549449895,0.0775812594351,0.0774996808237,0.0779483631863,0.0778259952693,0.0777036273522,0.0776220487408,0.0781115204091,0.077989152492,0.0774996808237,0.077458891518,0.0776220487408,0.0778259952693,0.0781930990205,0.0784378348547,0.0785194134661,0.0781930990205,0.0781115204091,0.0776220487408,0.0772549449895,0.077458891518,0.0775812594351,0.0776628380465,0.077866784575,0.077458891518,0.0779483631863,0.0774181022123,0.0775812594351,0.0775404701294,0.077458891518,0.0775812594351,0.0779075738806,0.0774181022123,0.0782338883262,0.0779483631863,0.0781523097148,0.0780707311034,0.077866784575,0.077866784575,0.0780707311034,0.0784378348547,0.078397045549,0.0775812594351,0.0775812594351,0.0774996808237,0.0777444166579,0.0783154669376,0.0786825706889,0.0785194134661,0.0786825706889,0.0790088851345,0.0786009920775,0.0786825706889,0.0786009920775,0.0789680958288,0.0789680958288,0.0785194134661,0.0787233599946,0.07933519958,0.0794983568028,0.0798246712484,0.0795391461085,0.0792536209686,0.0792128316629,0.0794167781914,0.0801101963883,0.0804773001395,0.0812115076421,0.0810075611136,0.0817009793104,0.0813746648649,0.0812522969478,0.0822312402845,0.0821088723674,0.0825575547301,0.0828838691756,0.0845154414035,0.0846378093206,0.0856167526573,0.0860246457143,0.0867588532168,0.086595695994,0.0872891141909,0.0875338500251,0.0887983185017,0.0890838436415,0.0883904254447,0.088349636139,0.0883904254447,0.0888798971131,0.0896548939213,0.0898180511441,0.0907562051751,0.0913272554549,0.0907562051751,0.0912864661492,0.0917351485118,0.0921838308745,0.0934075100454,0.0936930351853,0.0941009282422,0.094671978522,0.0952430288017,0.0958140790815,0.0965890758897,0.096956179641,0.0968746010296,0.0975272299208,0.097894333672,0.0984653839518,0.0998114310398,0.100056166874,0.100219324097,0.100137745485,0.100341692014,0.100586427848,0.101198267433,0.101116688822,0.101850896325,0.102340367993,0.102258789382,0.102544314521,0.102707471744,0.102870628967,0.102544314521,0.103074575495,0.102870628967,0.102666682439,0.10303378619,0.10303378619,0.103196943413,0.103523257858,0.103278522024,0.103890361609,0.105154830086,0.106337719951,0.106337719951,0.106174562728,0.106500877174,0.106990348842,0.106337719951,0.106337719951,0.106704823703,0.106908770231,0.106704823703,0.106419298563,0.106500877174,0.106745613008,0.106664034397,0.10625614134,0.105889037589,0.105848248283,0.106419298563,0.10654166648,0.1059706162,0.105807458977,0.105807458977,0.106378509257,0.105644301754,0.105481144532,0.106011405506,0.106704823703,0.107398241899,0.106990348842,0.107316663288,0.107479820511,0.107439031205,0.107561399122,0.107357452594,0.107846924262,0.107683767039,0.108132449402,0.107887713568,0.108825867599,0.108499553153,0.108825867599,0.108866656904,0.109560075101,0.110171914687,0.110253493298,0.109845600241,0.109804810935,0.110008757464,0.109886389547,0.109967968158,0.110620597049,0.110702175661,0.110702175661,0.112089012054,0.112741640946,0.114169266645,0.114373213173,0.114821895536,0.115148209982,0.11478110623,0.115148209982,0.115678470956,0.116820571515,0.117921882769,0.117554779018,0.116820571515,0.116738992904,0.117758725546,0.117962672075,0.118778458189,0.117921882769,0.118207407909,0.11857451166,0.118207407909,0.1188600368,0.118696879577,0.119267929857,0.119553454997,0.119267929857,0.119471876386,0.119635033608,0.119879769443,0.119553454997,0.119879769443,0.119675822914,0.120246873194,0.119920558748,0.120858712779,0.121470552365,0.121348184448,0.120981080696,0.120695555556,0.120287662499,0.120573187639,0.120736344862,0.120777134168,0.120573187639,0.120695555556,0.120450819722,0.120287662499,0.119920558748,0.11914556194,0.119349508468,0.117921882769,0.117024518044,0.116616624987,0.116575835681,0.117065307349,0.116902150127,0.116902150127,0.116086364013,0.115392945816,0.115963996096,0.116453467764,0.117228464572,0.116861360821,0.116616624987,0.116004785401,0.115882417484,0.115841628179,0.115760049567,0.115841628179,0.114577159702,0.114577159702,0.114006109422,0.11355742706,0.114046898728,0.113598216365,0.11355742706,0.113475848448,0.113435059142,0.113679794977,0.113720584282,0.113842952199,0.113435059142,0.112823219557,0.112496905111,0.112537694417,0.112619273029,0.11270085164,0.113149534003,0.11270085164,0.112578483723,0.111517961775,0.111273225941,0.111232436635,0.111069279412,0.110824543578,0.110620597049,0.11033507191,0.109437707184,0.109233760656,0.10947849649,0.109274549961,0.109029814127,0.107887713568,0.10862192107,0.107969292179,0.107683767039,0.107683767039,0.107887713568,0.107357452594,0.106419298563,