# R script for Peak Model
#  -- generated by MACS
p <- c(0.0371055106873,0.0387705015515,0.0401760133199,0.0417112646362,0.0433546322424,0.0448466370428,0.046490004649,0.0478738931595,0.0490199258322,0.0505768004065,0.0517877028532,0.0536040565232,0.0549663217757,0.0563285870282,0.0579719546344,0.0591396105651,0.0603505130118,0.0618641410701,0.0634858854184,0.0649778902187,0.0667726206308,0.068372741721,0.0695403976517,0.0713999978377,0.0715297373855,0.0718540862552,0.0716162304174,0.0717243467073,0.0718973327711,0.0715729839015,0.0712918815478,0.0717459699653,0.0716594769334,0.0717675932233,0.0714864908696,0.0717892164812,0.072027072319,0.0719189560291,0.072005449061,0.072027072319,0.0720703188349,0.0724595374785,0.0723297979307,0.0724595374785,0.0726109002843,0.0723514211886,0.0724379142205,0.0727622630902,0.0722649281567,0.0722216816408,0.0724162909626,0.0722000583828,0.072005449061,0.0719189560291,0.072005449061,0.0723297979307,0.0726757700583,0.0725244072524,0.0725460305104,0.0720919420929,0.0723081746727,0.0723297979307,0.0720919420929,0.0726757700583,0.072913625896,0.072956872412,0.0730433654439,0.0727838863482,0.0726109002843,0.0725027839945,0.0732595980236,0.0728487561221,0.0726325235423,0.0724595374785,0.072956872412,0.0726541468003,0.0730433654439,0.0737353096991,0.0735839468933,0.0733677143135,0.0736055701513,0.0735839468933,0.0733677143135,0.0733244677976,0.0734758306034,0.0735190771193,0.0730649887018,0.072956872412,0.0730433654439,0.0726973933163,0.0726541468003,0.0725892770264,0.0728055096061,0.0735839468933,0.0739082957629,0.0737569329571,0.0739731655369,0.0735839468933,0.0734974538614,0.0736055701513,0.073865049247,0.0737569329571,0.0737136864411,0.0735623236353,0.0740596585688,0.0740812818267,0.0742542678905,0.0746651097921,0.0745137469863,0.0748597191139,0.0752489377575,0.0750759516936,0.0752705610154,0.075638156401,0.0754219238213,0.0758111424648,0.0758543889808,0.0758327657228,0.0758327657228,0.0760922448185,0.0765247099781,0.0766760727839,0.076589579752,0.076546333236,0.0761571145925,0.0763733471722,0.0763949704302,0.0763517239142,0.076567956494,0.0766976960419,0.0772815240072,0.0769355518796,0.0764814634621,0.0766976960419,0.0770652914275,0.0770869146854,0.0765030867201,0.0763733471722,0.0765030867201,0.076567956494,0.0767193192998,0.0763084773983,0.0763084773983,0.0762436076244,0.0760922448185,0.0766760727839,0.0766328262679,0.0770220449115,0.0768274355897,0.0773031472652,0.0773896402971,0.0777356124247,0.0774328868131,0.0778653519726,0.0777572356827,0.0776058728769,0.0781032078103,0.0779950915204,0.0779085984885,0.0779518450045,0.0779518450045,0.0776058728769,0.0775626263609,0.0776923659088,0.0777572356827,0.0780599612944,0.0776923659088,0.0775626263609,0.0771734077173,0.0773896402971,0.0771517844594,0.0775410031029,0.0778653519726,0.0773463937812,0.0777788589407,0.0778653519726,0.0778004821987,0.0777139891667,0.0779518450045,0.0781680775842,0.0785789194858,0.0787086590337,0.0782761938741,0.0784491799379,0.0789465148714,0.0787951520656,0.0790546311613,0.0791627474512,0.0791627474512,0.0791411241932,0.0790330079033,0.0790762544193,0.079335733515,0.0792059939671,0.0795087195788,0.0794870963208,0.0796817056426,0.0795735893527,0.0790978776772,0.0789032683554,0.0787735288076,0.0787735288076,0.0793789800309,0.0797681986745,0.0797033289006,0.0800276777702,0.0800709242862,0.080179040576,0.0802655336079,0.0804385196718,0.0809791011212,0.0807628685414,0.0810655941531,0.0813899430227,0.0815413058285,0.0816061756025,0.0814764360546,0.0814115662807,0.0818007849243,0.0815196825706,0.0814548127966,0.0819521477301,0.0818224081822,0.0819953942461,0.0819089012141,0.0818656546982,0.0815629290865,0.0816926686344,0.0814980593126,0.0814548127966,0.0819305244721,0.0822116268258,0.0821035105359,0.0823629896316,0.0824494826636,0.0826008454694,0.0827954547912,0.0830981804028,0.0831630501768,0.0838117479161,0.0841577200437,0.0839198642059,0.0839847339799,0.0839198642059,0.0837901246581,0.0838117479161,0.0839198642059,0.0842442130756,0.0846550549771,0.0842874595915,0.0843090828495,0.0841793433017,0.0843090828495,0.0842009665596,0.0840712270118,0.0840928502698,0.0844820689133,0.0844820689133,0.0842225898176,0.0845685619452,0.0840279804958,0.0833792827565,0.0835738920783,0.0837468781421,0.0844171991394,0.0841360967857,0.0843307061075,0.0844604456553,0.0845685619452,0.0845685619452,0.084784794525,0.0850875201367,0.0854118690063,0.08569297136,0.0858875806818,0.0861903062934,0.0864497853892,0.0867525110008,0.0872065994183,0.0867957575168,0.0872714691923,0.0875958180619,0.0875741948039,0.0878769204156,0.087530948288,0.0878120506417,0.0878769204156,0.0879850367055,0.0879634134475,0.0886337344448,0.0889797065724,0.0890661996043,0.0896067810537,0.0901041159872,0.0908825532743,0.091185278886,0.0912285254019,0.0914880044976,0.0917258603354,0.0919420929151,0.0918123533673,0.0915528742716,0.0921150789789,0.0926124139124,0.0927853999762,0.0931097488459,0.093023255814,0.0927421534603,0.0933043581676,0.0933908511996,0.0936287070373,0.0937584465851,0.0943855210665,0.0951639583536,0.0952288281275,0.0955099304812,0.0958775258668,0.0958991491248,0.0959640188987,0.0959856421567,0.0962667445104,0.0960505119306,0.0960505119306,0.0964181073162,0.0968721957337,0.0968505724758,0.0969586887656,0.0978019958267,0.0976722562789,0.0975857632469,0.0978236190847,0.097499270215,0.0979101121166,0.0977803725687,0.0979749818905,0.0978236190847,0.0978019958267,0.0979317353746,0.0980830981804,0.0988182889516,0.0986020563718,0.0983858237921,0.098493940082,0.0983425772761,0.0987750424356,0.0994453634329,0.0997480890446,0.099337247143,0.0996183494967,0.100029191398,0.100310293752,0.100050814656,0.0996183494967,0.0994886099489,0.0994886099489,0.100029191398,0.100180554204,0.101045484523,0.100786005427,0.101218470587,0.100591396106,0.100872498459,0.101218470587,0.101326586877,0.101694182262,0.101564442715,0.101629312489,0.10182392181,0.102191517196,0.102840214935,0.103099694031,0.103380796385,0.103359173127,0.103921377834,0.10385650806,0.10385650806,0.10418085693,0.10428897322,0.104353842994,0.105067410507,0.105499875666,0.105132280281,0.105867471052,0.106408052501,0.106689154855,0.107078373499,0.1074892154,0.10727298282,0.107402722368,0.108073043365,0.108073043365,0.108137913139,0.107467592142,0.107143243272,0.107186489788,0.108483885267,0.108527131783,0.108721741105,0.108873103911,0.109608294682,0.110473225001,0.110819197128,0.11123003903,0.111900360027,0.112203085639,0.112332825187,0.112873406636,0.113089639216,0.113327495054,0.112959899668,0.112981522926,0.113392364828,0.113068015958,0.11337074157,0.114019439309,0.114343788179,0.114495150984,0.114365411437,0.114797876596,0.114170802115,0.114214048631,0.113932946277,0.113889699761,0.114214048631,0.114149178857,0.114603267274,0.114668137048,0.114516774242,0.114300541663,0.115014109176,0.114516774242,0.114041062567,0.113630220665,0.113241002022,0.11261392754,0.11272204383,0.113392364828,0.113111262474,0.113024769442,0.113305871796,0.113954569535,0.114170802115,0.113976192793,0.113305871796,0.113327495054,0.113305871796,0.11283016012,0.112527434509,0.111857113511,0.111684127447,0.11166250419,0.111143545998,0.110927313418,0.110538094775,0.110667834323,0.110256992421,0.110300238937,0.110343485453,0.110343485453,0.110148876131,0.109932643551,0.110127252873,0.109024466716,0.108440638751,0.107900057302,0.108116289881,0.107943303818,0.108116289881,0.107986550334,0.108029796849,0.107986550334,0.107943303818,0.108094666623,0.108310899203,0.108267652687,0.107964927076,0.107878434044,0.107532461916,0.107554085174,0.10727298282,0.107618954948,0.107186489788,0.10727298282,0.106862140919,0.105802601278,0.105370136118,0.105175526797,0.104872801185,0.104570075573,0.104159233672,0.10418085693,0.10385650806,0.103899754576,0.104029494124,0.103553782448,0.103272680095,0.102991577741,0.102753721903,0.102948331225,0.102623982355,0.10225638697,0.102213140454,0.101477949683,0.101456326425,0.101153600813,0.10065626588,0.100288670494,0.100483279816,0.10054814959,