# R script for Peak Model
#  -- generated by MACS
p <- c(0.0376213029949,0.0396660674994,0.041568998628,0.0432828185885,0.0453512219891,0.0474314448377,0.0493343759662,0.0512373070948,0.0524310713431,0.0539557801356,0.055315016656,0.0568279060004,0.0584117120329,0.0598536846893,0.0614493101697,0.0629149217222,0.0644987277546,0.065751589243,0.0671581035554,0.0686355345558,0.0700184099722,0.0715903965567,0.072890535837,0.0743206890455,0.0741670362214,0.0741670362214,0.0741670362214,0.0740843000854,0.0739188278133,0.0735997027172,0.0736115221652,0.0734460498932,0.0736351610613,0.0738124527813,0.0730914664531,0.0722522856449,0.0720749939248,0.0719331605488,0.0715549382127,0.0710703408445,0.0707748546444,0.0703966323083,0.0702784378283,0.0703257156203,0.0704675489963,0.0703493545163,0.0703138961723,0.0705384656844,0.0699356738362,0.069250145852,0.0685882567638,0.0680918399477,0.0672290202434,0.0666735061872,0.065869783723,0.0651606168428,0.0653970058029,0.0651251584988,0.0651960751868,0.0649124084347,0.0647114778187,0.0648178528507,0.0646169222347,0.0648178528507,0.0645932833386,0.0646405611307,0.0647705750587,0.0647351167147,0.0646051027866,0.0650542418108,0.065668853107,0.0660588948911,0.0666025894992,0.0666498672912,0.0665316728112,0.0667562423233,0.0668507979073,0.0671344646594,0.0671581035554,0.0674890480995,0.0672999369314,0.0674299508595,0.0675836036835,0.0677727148516,0.0677490759556,0.0676781592675,0.0688955624119,0.0700420488682,0.0706330212684,0.0709757852605,0.0716849521407,0.0720986328208,0.0725123135009,0.0730205497651,0.0733633137572,0.072843258045,0.072606869085,0.0724059384689,0.0722641050929,0.0723468412289,0.0723232023329,0.0719449799968,0.0720040772368,0.0720631744768,0.0716613132447,0.0716140354527,0.0712712714606,0.0712712714606,0.0714012853886,0.0711648964285,0.0710112436045,0.0707748546444,0.0708930491245,0.0713303687006,0.0714722020766,0.0722168273008,0.072701424669,0.0725477718449,0.0720986328208,0.0716258549007,0.0714840215246,0.0717204104847,0.0722522856449,0.072736883013,0.0729496330771,0.0731623831411,0.0729496330771,0.072618688533,0.0724768551569,0.0721695495088,0.0720395355808,0.0718740633087,0.0718386049647,0.0716258549007,0.0701957016923,0.0690846735799,0.0683282289077,0.0679618260196,0.0673117563794,0.0666025894992,0.065727950347,0.0650778807068,0.0645578249946,0.0646760194747,0.0646642000267,0.0648651306427,0.0652433529788,0.0654088252509,0.0654915613869,0.0655979364189,0.065657033659,0.065692492003,0.0660234365471,0.0662598255071,0.0663189227471,0.0661889088191,0.065893422619,0.0655033808349,0.0656215753149,0.065775228139,0.0660234365471,0.065810686483,0.0656097558669,0.0650306029148,0.0649833251228,0.0647587556107,0.0649951445708,0.0654561030429,0.065704311451,0.065940700411,0.065857964275,0.0655506586269,0.065739769795,0.0661179921311,0.0664134783312,0.0670871868674,0.0673708536194,0.0671817424514,0.0670044507313,0.0671462841074,0.0671817424514,0.0675008675475,0.0689782985479,0.0698174793562,0.0709048685725,0.0718149660687,0.072784160805,0.0733396748612,0.0745570780055,0.0755026338458,0.0766727591981,0.0777128706224,0.0783393013666,0.0788711765268,0.0790721071428,0.0794857878229,0.0802422324952,0.0813296217115,0.0825470248558,0.0835634973841,0.0851709423126,0.086506539937,0.0877003041853,0.0885867627856,0.0896859714499,0.0911988607943,0.0923335278027,0.0931254308189,0.0925226389707,0.0922389722186,0.0920971388426,0.0918962082265,0.0917543748505,0.0913288747224,0.0910333885223,0.0905133328101,0.0898396242739,0.0893077491138,0.0888586100896,0.0887049572656,0.0885394849936,0.0881494432094,0.0880785265214,0.0872984429532,0.0872038873692,0.0870265956491,0.0872157068172,0.0871447901292,0.0872511651612,0.0871329706812,0.0859983036728,0.0852773173446,0.0843317615043,0.0836698724162,0.0829488860879,0.0828188721599,0.0821451636237,0.0816014690156,0.0807977465513,0.0799231073991,0.079674898991,0.0792139405189,0.0787766209427,0.0785520514307,0.0781620096466,0.0772637315983,0.076282717414,0.0754553560538,0.0738479111253,0.0724295773649,0.0714012853886,0.0706921185084,0.0698883960442,0.0684582428358,0.0673353952754,0.0662834644031,0.0666025894992,0.0669335340433,0.0671935618994,0.0676427009235,0.0676545203715,0.0678554509876,0.0681272982917,0.0680918399477,0.0683400483557,0.0683636872517,0.0685646178678,0.0685055206278,0.0685055206278,0.0684700622838,0.0681863955317,0.0684109650437,0.0682454927717,0.0685291595238,0.0685055206278,0.0685409789718,0.0687537290358,0.0685173400758,0.0684346039398,0.0685646178678,0.0688246457239,0.069368340332,0.0703611739643,0.0712712714606,0.0720040772368,0.0724413968129,0.072819619149,0.0733514943092,0.0732096609331,0.0735997027172,0.0741197584294,0.0742734112534,0.0746161752455,0.0752307865417,0.0755026338458,0.0756799255658,0.0757744811499,0.0758808561819,0.076282717414,0.0766136619581,0.0765782036141,0.0773464677343,0.0776537733824,0.0778783428945,0.0780910929585,0.0782092874386,0.0785165930867,0.0788711765268,0.0793675933429,0.0800176629831,0.079722176783,0.0799822046391,0.0801831352551,0.0805495381432,0.0807268298633,0.0808804826873,0.0810104966154,0.0811286910954,0.0815187328795,0.0820033302477,0.0825115665118,0.0828897888479,0.0835871362801,0.0840362753043,0.0845208726724,0.0852891367926,0.0858682897448,0.0858682897448,0.0859392064328,0.0852891367926,0.0846272477044,0.0836344140721,0.0829016082959,0.0824288303758,0.0823697331358,0.0820506080397,0.0822042608637,0.0821333441757,0.0819796913517,0.0818023996316,0.0815896495676,0.0812823439195,0.0812350661274,0.0813178022635,0.0817669412876,0.0820506080397,0.0818851357676,0.0820151496957,0.0824288303758,0.0824406498238,0.0825470248558,0.0829488860879,0.0829370666399,0.082984344432,0.0828306916079,0.0824761081678,0.0822042608637,0.0820860663837,0.0824051914798,0.0826770387839,0.0826888582319,0.0828425110559,0.0828779693999,0.083067080568,0.083137997256,0.083220733392,0.083244372288,0.08299616388,0.0828188721599,0.0828070527119,0.0823342747918,0.0821924414157,0.0819560524557,0.0816014690156,0.0817078440476,0.0820151496957,0.0818969552156,0.0821215247277,0.0823460942398,0.0828779693999,0.083256191736,0.0838117057922,0.0840126364082,0.0843317615043,0.0845208726724,0.0848872755605,0.0852418590006,0.0856909980247,0.0859983036728,0.0861874148409,0.0864001649049,0.0863292482169,0.086471081593,0.086754748345,0.0869202206171,0.0870265956491,0.0869911373051,0.0870384150971,0.0871211512331,0.0868493039291,0.086707470553,0.0870856928891,0.0870738734411,0.0868847622731,0.0869911373051,0.0873693596412,0.0879130542494,0.0883149154815,0.0886576794736,0.0892722907698,0.0897214297939,0.08998145765,0.0912934163784,0.0923453472507,0.093539111499,0.0947328757473,0.0955011398676,0.0960921122677,0.096884015284,0.0973567932041,0.0976995571962,0.0983969046284,0.0984560018684,0.0987869464125,0.0994724743967,0.0998861550768,0.0998625161808,0.0998743356288,0.0996615855648,0.0998861550768,0.100087085693,0.100288016309,0.100429849685,0.100760794229,0.101292669389,0.102226405782,0.102935572662,0.102982850454,0.103136503278,0.103207419966,0.102852836526,0.102971031006,0.103231058862,0.103349253342,0.103278336654,0.103585642302,0.103727475678,0.103845670158,0.10424753139,0.103928406294,0.104235711942,0.10489760103,0.105027614958,0.104637573174,0.10466121207,0.104755767654,0.105039434406,0.104495739798,0.104342086974,0.104176614702,0.103396531134,0.10259280867,0.101919100133,0.101233572149,0.101316308285,0.101328127733,0.101115377669,0.101599975037,0.101434502765,0.101529058349,0.101824544549,0.101777266757,0.101978197373,0.10223822523,0.102675544806,0.103148322726,0.103573822854,0.103609281198,0.103904767398,0.104093878566,0.10454301759,0.10448392035,0.104389364766,0.103739295126,0.102864655974,0.103384711686,0.103526545062,0.103751114574,0.104152975806,0.104082059118,0.104448462006,0.104495739798,0.104814864894,0.104590295382,0.104519378694,0.10477940655,0.10501579551,0.104944878822,0.104944878822,0.10460211483,0.104637573174,0.104909420478,0.104755767654,0.104578475934,